[15, 4, 21, 7, 19, 31, 1]
[4, 15, 21, 7, 19, 31, 1]
[4, 15, 21, 7, 19, 31, 1]
[4, 15, 7, 21, 19, 31, 1]
[4, 15, 7, 19, 21, 31, 1]
[4, 15, 7, 19, 21, 31, 1]
[4, 15, 7, 19, 21, 1, 31]
[4, 15, 7, 19, 21, 1, 31]
[4, 7, 15, 19, 21, 1, 31]
[4, 7, 15, 19, 21, 1, 31]
[4, 7, 15, 19, 21, 1, 31]
[4, 7, 15, 19, 1, 21, 31]
[4, 7, 15, 19, 1, 21, 31]
[4, 7, 15, 19, 1, 21, 31]
[4, 7, 15, 19, 1, 21, 31]
[4, 7, 15, 1, 19, 21, 31]
[4, 7, 15, 1, 19, 21, 31]
[4, 7, 15, 1, 19, 21, 31]
[4, 7, 1, 15, 19, 21, 31]
[4, 7, 1, 15, 19, 21, 31]
[4, 1, 7, 15, 19, 21, 31]
[15, 4, 21, 7, 19, 31, 1]
[4, 15, 21, 7, 19, 31, 1]
[4, 15, 21, 7, 19, 31, 1]
[4, 15, 7, 21, 19, 31, 1]
[4, 15, 7, 19, 21, 31, 1]
[4, 15, 7, 19, 21, 31, 1]
[4, 15, 7, 19, 21, 1, 31]
[4, 15, 7, 19, 21, 1, 31]
[4, 7, 15, 19, 21, 1, 31]
[4, 7, 15, 19, 21, 1, 31]
[4, 7, 15, 19, 21, 1, 31]
[4, 7, 15, 19, 1, 21, 31]
[4, 7, 15, 19, 1, 21, 31]
[4, 7, 15, 19, 1, 21, 31]
[4, 7, 15, 19, 1, 21, 31]
[4, 7, 15, 1, 19, 21, 31]
[4, 7, 15, 1, 19, 21, 31]
[4, 7, 15, 1, 19, 21, 31]
[4, 7, 1, 15, 19, 21, 31]
[4, 7, 1, 15, 19, 21, 31]
[4, 1, 7, 15, 19, 21, 31]
